00044400000000005555555555555555000000000000000000000000000000000000000000000000000000000000000000000000888488846767676767676767
004ffff0000000005565555555555655000000000000000000000000000000000000000000000000000000000000000000011000444444447676767676333376
004f3f30000880005606666666666065000000000000000000000000000000000000000000000000000000000000000000155100848884886767676767333367
004ffff00088e8005560000000000655000000000000000000000000000000000000000000000000000000000000000001555510444444447676767676333376
000fff00088888805560000000000655000000000000000000000000000000000000000000000000000000000000000001555510888488846767676767476767
0fddd0000d8888805560000000000655000000000000000000000000000000000000000000000000000000000000000000155100444444447676767676467676
00dddf0000d888005560000000000655000000000000000000000000000000000000000000000000000000000000000000011000848884886767676767476767
00404000000dd0005560000000000655000000000000000000000000000000000000000000000000000000000000000000000000444444447676767676767676
55600000000006555560000000000655000000000000000000000000000000000000000000000000000000000000000000000000000000000000000000000000
55600000000006555560000000000655000000000000000000000000000000000000000000000000000000000000000000000000000000000000000000000000
55600000000006555560000000000655000000000000000000000000000000000000000000000000000000000000000000000000000000000000000000000000
55600000000006555560000000000655000000000000000000000000000000000000000000000000000000000000000000000000000000000000000000000000
55600000000006555560000000000655000000000000000000000000000000000000000000000000000000000000000000000000000000000000000000000000
55600000000006555606666666666065000000000000000000000000000000000000000000000000000000000000000000000000000000000000000000000000
55600000000006555565555555555655000000000000000000000000000000000000000000000000000000000000000000000000000000000000000000000000
55600000000006555555555555555555000000000000000000000000000000000000000000000000000000000000000000000000000000000000000000000000
00000000555555555555555555555555000000000000000000000000000000000000000000000000000000000000000000000000000000000000000000000000
00000000555555555555555500000000000000000000000000000000000000000000000000000000000000000000000000000000000000000000000000000000
00000000666666665555555500000000000000000000000000000000000000000000000000000000000000000000000000000000000000000000000000000000
00000000000000005555555500000000000000000000000000000000000000000000000000000000000000000000000000000000000000000000000000000000
00000000000000005555555500000000000000000000000000000000000000000000000000000000000000000000000000000000000000000000000000000000
66666666000000005555555500000000000000000000000000000000000000000000000000000000000000000000000000000000000000000000000000000000
55555555000000005555555555555555000000000000000000000000000000000000000000000000000000000000000000000000000000000000000000000000
55555555000000005555555555555555000000000000000000000000000000000000000000000000000000000000000000000000000000000000000000000000
00000000000000000000000000000000000000000000000000000000000000000000000000000000000000000000000000000000000000000000000000000000
00000000000000000000000000000000000000000000000000000000000000000000000000000000000000000000000000000000000000000000000000000000
00000000000000000000000000000000000000000000000000000000000000000000000000000000000000000000000000000000000000000000000000000000
00000000000000000000000000000000000000000000000000000000000000000000000000000000000000000000000000000000000000000000000000000000
00000000000000000000000000000000000000000000000000000000000000000000000000000000000000000000000000000000000000000000000000000000
00000000000000000000000000000000000000000000000000000000000000000000000000000000000000000000000000000000000000000000000000000000
00000000000000000000000000000000000000000000000000000000000000000000000000000000000000000000000000000000000000000000000000000000
00000000000000000000000000000000000000000000000000000000000000000000000000000000000000000000000000000000000000000000000000000000
